"NH3             "
      0000
      0000
      0000
      0000
      0000
      0000
      0000
      0000
      0000
      0000
      0000
"NOX             "
      0000
      0000
      0000
      0000
      0000
      0000
      0000
      0000
      0000
      0000
      0000
"PM2_5           "
     91102
     91102
     91102
     91102
     91102
     91102
     91102
     91102
     91102
     91102
     91102
"SO2             "
      0000
      0000
      0000
      0000
      0000
      0000
      0000
      0000
      0000
      0000
      0000
"VOC             "
      5560
      5560
      5560
      5560
      5560
      5560
      5560
      5560
      5560
      5560
      5560
